spawns:
  default:
    world: 0cf3867c-5c7a-4a3a-99bb-e4ec58c77291
    world-name: world
    x: 8.528724701301357
    y: -60.0
    z: 8.639555183325864
    yaw: 91.3499984741211
    pitch: 8.249958038330078
